150	0.003911736941223322
160	0.0035313857935821476
170	0.0043743482885541815
180	0.004528210129493315
190	0.004400818921472158
200	0.004282598344605361
210	0.003963903747994273
220	0.0040697448736400086
230	0.003792881180097335
240	0.003883133075299375
250	0.003956352835869416
260	0.0037179009201244754
270	0.0036421091431680388
280	0.003570343910087962
290	0.0035022693450285462
300	0.0034375870089538283
310	0.00348856511307573
320	0.003638397484296758
330	0.004993969984690648
340	0.003985517329571587
350	0.003992234156186021
360	0.004439421695581682
370	0.004165744725404261
380	0.00497129544832966
390	0.004223315445741108
400	0.004132331736022716
410	0.00397372907589593
420	0.0038248194059593856
430	0.003751796535967083
440	0.0037467492487479434
450	0.0037403212927960465
460	0.0037326767169211864
470	0.0036657736604089304
480	0.0036580239115139037
490	0.003649344780203864
500	0.0035870932378549367
510	0.003578498527367366
520	0.003569184883319496
530	0.0036073324493721324
540	0.003548721729240653
550	0.003537712217800692
560	0.0035262655902103326
570	0.003514435275759578
580	0.003502269345028546
590	0.00348981108453531
600	0.0034770995033096197
610	0.003502660555637171
620	0.003526076565904501
630	0.003547496181303389
640	0.0036740680478682943
650	0.003828516270455374
660	0.00390684726693486
670	0.004013865205303227
680	0.004179932809062884
690	0.004147648475441302
700	0.0041779194657760674
710	0.004115298536733534
720	0.004113864104572358
730	0.004082815472260259
740	0.0034006079391055194
750	0.0010541910065422807
760	0.0010322908581230988
770	0.001011123114425638
780	0.001016724088789526
790	9.964013935400882E-4
800	0.0010017773905509613
810	0.0010313583797593319
820	9.874114673438371E-4
830	0.0010158723561358041
840	9.967711179166884E-4
850	9.782487675362131E-4
860	9.602812562296701E-4
870	9.647724447993937E-4
880	0.001055119041314076
890	0.001015239898101661
900	0.0010389781368877907
Ignoring ratios before cross over point: 15
Sorted ratios are: 9.602812562296701E-4, 9.647724447993937E-4, 9.782487675362131E-4, 9.874114673438371E-4, 9.964013935400882E-4, 9.967711179166884E-4, 0.0010017773905509613, 0.001011123114425638, 0.001015239898101661, 0.0010158723561358041, 0.001016724088789526, 0.0010313583797593319, 0.0010322908581230988, 0.0010389781368877907, 0.0010541910065422807, 0.001055119041314076, 0.0034006079391055194, 0.0034375870089538283, 0.0034770995033096197, 0.00348856511307573, 0.00348981108453531, 0.003502269345028546, 0.0035022693450285462, 0.003502660555637171, 0.003514435275759578, 0.003526076565904501, 0.0035262655902103326, 0.0035313857935821476, 0.003537712217800692, 0.003547496181303389, 0.003548721729240653, 0.003569184883319496, 0.003570343910087962, 0.003578498527367366, 0.0035870932378549367, 0.0036073324493721324, 0.003638397484296758, 0.0036421091431680388, 0.003649344780203864, 0.0036580239115139037, 0.0036657736604089304, 0.0036740680478682943, 0.0037179009201244754, 0.0037326767169211864, 0.0037403212927960465, 0.0037467492487479434, 0.003751796535967083, 0.003792881180097335, 0.0038248194059593856, 0.003828516270455374, 0.003883133075299375, 0.00390684726693486, 0.003911736941223322, 0.003956352835869416, 0.003963903747994273, 0.00397372907589593, 0.003985517329571587, 0.003992234156186021, 0.004013865205303227, 0.0040697448736400086, 0.004082815472260259, 0.004113864104572358, 0.004115298536733534, 0.004132331736022716, 0.004147648475441302, 0.004165744725404261, 0.0041779194657760674, 0.004179932809062884, 0.004223315445741108, 0.004282598344605361, 0.0043743482885541815, 0.004400818921472158, 0.004439421695581682, 0.004528210129493315, 0.00497129544832966, 0.004993969984690648, 
Maximum ratio is: 0.004993969984690648
Average ratio is: 0.003258578337692916