10	1	1
20	3	8
30	10	5
40	21	3
50	4	4
60	8	12
70	6	6
80	4	6
90	5	9
100	6	14
110	7	8
120	9	9
130	10	10
140	13	14
150	13	10
160	17	13
170	16	15
180	19	16
190	22	17
200	24	18
210	26	19
220	28	21
230	30	21
240	33	22
250	37	23
260	41	25
270	43	26
280	46	27
290	49	28
300	53	29
310	56	31
320	60	34
330	64	44
340	67	42
350	71	45
360	78	48
370	83	49
380	87	48
390	89	50
400	93	51
410	98	53
420	102	55
430	108	57
440	113	58
450	118	61
460	123	62
470	128	64
480	135	65
490	146	67
500	144	18
510	41	18
520	43	18
530	44	20
540	44	21
550	46	19
560	50	19
570	49	20
580	50	21
590	51	22
600	54	22
610	56	23
620	57	24
630	62	25
640	73	50
650	66	30
660	67	28
670	67	30
680	69	31
690	72	32
700	73	32
710	74	34
720	81	34
730	82	35
740	82	36
750	84	35
760	89	36
770	89	37
780	96	38
790	105	39
800	98	40
810	98	40
820	102	40
830	103	41
840	107	41
850	108	42
860	113	43
870	114	44
880	116	44
890	118	45
900	121	46
